ticker: KULR
interval: 1h
start: 2023-05-28 21:20:00.293260
end: 2025-05-26 00:00:00
fetched_at: 2025-05-26T21:20:00.703314
